image_width: 640
image_height: 480
board_cols: 8
board_rows: 11
square_size_m: 0.015
reprojection_error: 0
camera_intrinsics: [487.05, 487.05, 338.23, 231.89]
camera_matrix: [487.05, 0, 338.23, 0, 487.05, 231.89, 0, 0, 1]
distortion_coeffs: [0, 0, 0, 0, 0]
camera_extrinsics: [-0.0279855, -0.985818, -0.165469, 0.0263361, 0.998861, -0.0211778, -0.0427638, -0.083361, 0.038653, -0.166478, 0.985287, 0.598816]
extrinsic_frame: "board/world frame to camera frame"
