image_width: 640
image_height: 480
board_cols: 8
board_rows: 11
square_size_m: 0.015
reprojection_error: 0.568855
camera_intrinsics: [480.151, 480.616, 330.058, 224.507]
camera_matrix: [480.151, 0, 330.058, 0, 480.616, 224.507, 0, 0, 1]
distortion_coeffs: [-0.0372399, 0.178909, -0.00185302, -0.00144581, -0.230337]
camera_extrinsics: [-0.0661212, -0.995662, -0.065466, 0.001213, 0.967088, -0.0477917, -0.249912, -0.126373, 0.245699, -0.0798359, 0.966053, 0.571329]
extrinsic_frame: "board/world frame to camera frame"

camera_extrinsics: [
  -0.995662,  -0.065466,  -0.0661212,  0.193798,
  -0.0477917, -0.249912,   0.967088,  -0.141806,
  -0.0798359,  0.966053,   0.245699,   0.683901
]
