image_width: 640
image_height: 480
board_cols: 8
board_rows: 11
square_size_m: 0.015
reprojection_error: 0
camera_intrinsics: [487.05, 487.05, 338.23, 231.89]
camera_matrix: [487.05, 0, 338.23, 0, 487.05, 231.89, 0, 0, 1]
distortion_coeffs: [0, 0, 0, 0, 0]
camera_extrinsics: [-0.0281647, -0.998007, -0.0564715, 0.0108112, 0.99673, -0.0237582, -0.0772385, -0.0424649, 0.0757429, -0.0584622, 0.995412, 0.583731]
extrinsic_frame: "board/world frame to camera frame"
