image_width: 640
image_height: 480
board_cols: 8
board_rows: 11
square_size_m: 0.015
reprojection_error: 0
camera_intrinsics: [487.05, 487.05, 338.23, 231.89]
camera_matrix: [487.05, 0, 338.23, 0, 487.05, 231.89, 0, 0, 1]
distortion_coeffs: [0, 0, 0, 0, 0]
camera_extrinsics: [-0.0424632, -0.976917, -0.209358, 0.0313407, 0.989246, -0.0117561, -0.145787, -0.051367, 0.139961, -0.213297, 0.96691, 0.590703]
extrinsic_frame: "board/world frame to camera frame"
