image_width: 640
image_height: 480
board_cols: 8
board_rows: 11
square_size_m: 0.015
reprojection_error: 0
camera_intrinsics: [487.05, 487.05, 338.23, 231.89]
camera_matrix: [487.05, 0, 338.23, 0, 487.05, 231.89, 0, 0, 1]
distortion_coeffs: [0, 0, 0, 0, 0]
camera_extrinsics: [-0.0434602, -0.997505, -0.0556245, 0.0663794, 0.992242, -0.0366054, -0.118813, -0.0419188, 0.11648, -0.0603566, 0.991357, 0.585569]
extrinsic_frame: "board/world frame to camera frame"
